{
  "balance": 445.7467270077522,
  "positions": {
    "NEAR/USDT": {
      "side": "SHORT",
      "entry_price": 1.224,
      "qty": 123.11284730945144,
      "amount": 150.69012510676856,
      "sl": 1.2291549060063642,
      "initial_sl": 1.2291549060063642,
      "tp": 1.2162676409904536,
      "entry_time": "2026-03-26T11:55:16.836816+00:00",
      "trail_stage": 0,
      "adx": 66.30129225687055,
      "rsi": 43.97079848625377,
      "atr_pct": 0.004211524515003466
    },
    "WIF/USDT": {
      "side": "SHORT",
      "entry_price": 0.185,
      "qty": 692.360034274342,
      "amount": 128.08660634075326,
      "sl": 0.18625347217510194,
      "initial_sl": 0.18625347217510194,
      "tp": 0.18311979173734708,
      "entry_time": "2026-03-26T12:15:09.684736+00:00",
      "trail_stage": 0,
      "adx": 25.732496328439606,
      "rsi": 19.76365698794272,
      "atr_pct": 0.006775525270821318
    },
    "XRP/USDT": {
      "side": "LONG",
      "entry_price": 1.3743,
      "qty": 79.22114195564308,
      "amount": 108.87361538964028,
      "sl": 1.3701416192920557,
      "initial_sl": 1.3701416192920557,
      "tp": 1.3805375710619168,
      "entry_time": "2026-03-26T12:30:19.037269+00:00",
      "trail_stage": 0,
      "adx": 63.09196372432436,
      "rsi": 49.27765409667763,
      "atr_pct": 0.003025817294582272
    },
    "ADA/USDT": {
      "side": "LONG",
      "entry_price": 0.258,
      "qty": 358.69214372555905,
      "amount": 92.54257308119423,
      "sl": 0.2570201437959547,
      "initial_sl": 0.2570201437959547,
      "tp": 0.2594697843060679,
      "entry_time": "2026-03-26T12:30:20.295030+00:00",
      "trail_stage": 0,
      "adx": 71.65270804194955,
      "rsi": 43.6362026761699,
      "atr_pct": 0.003797892263741305
    },
    "SUI/USDT": {
      "side": "LONG",
      "entry_price": 0.9282,
      "qty": 84.74594604504966,
      "amount": 78.6611871190151,
      "sl": 0.9245967227620618,
      "initial_sl": 0.9245967227620618,
      "tp": 0.9336049158569073,
      "entry_time": "2026-03-26T12:30:20.587440+00:00",
      "trail_stage": 0,
      "adx": 62.802411884593816,
      "rsi": 50.92499287037708,
      "atr_pct": 0.003882005212172175
    }
  },
  "total_trades": 240,
  "wins": 149,
  "daily_date": "2026-03-26",
  "daily_start": 469.2683531171893,
  "killed": true,
  "kill_switch_active": false,
  "daily_pnl": 0.0,
  "daily_start_balance": 469.2683531171893
}